0 175.52951388888889 143.91840277777777 145.23611111111111 141 109 118
0 145.48611111111111 106.73263888888889 112.77604166666667 130 91 94
0 155.30381944444446 106.51215277777777 113.85416666666667 129 84 81
0 193.51388888888889 163.47395833333334 153.71180555555554 168 139 132
0 147.15625 100.5 104.92361111111111 126 82 83
0 169.24305555555554 137.13888888888889 133.75520833333334 131 94 96
0 156.19791666666666 119.28645833333333 119.79166666666667 125 95 96
0 136.78298611111111 101.52951388888889 108.59722222222223 108 79 83
0 158.8125 121.20486111111111 122.29340277777777 145 106 105
0 148.47916666666666 110.76041666666667 116.15798611111111 125 96 93
0 160.96354166666666 117.19791666666667 117.15972222222223 139 93 83
0 164.32638888888889 115.03125 132.17881944444446 105 56 113
0 163.28645833333334 124.62673611111111 124.34548611111111 149 108 104
0 169.43055555555554 135.453125 131.61979166666666 154 120 109
0 173.11284722222223 125.29340277777777 126.05208333333333 142 94 88
0 187.13368055555554 154.58159722222223 145.64583333333334 158 120 117
0 172.21527777777777 136.73090277777777 132.99652777777777 154 118 113
0 183.79513888888889 158.484375 146.44097222222223 168 135 119
0 163.33854166666666 127.71875 126.95659722222223 148 112 107
0 144.80381944444446 105.44965277777777 113.30555555555556 123 83 91
0 176.23263888888889 145.71527777777777 137.25 163 128 116
0 182.19618055555554 158.80902777777777 147.83854166666666 162 140 126
0 137.23263888888889 100.67881944444444 110.58506944444444 117 81 87
0 158.00520833333334 124.16666666666667 133.23263888888889 134 102 106
0 155.40625 121.37326388888889 121.3125 139 106 105
0 157.36631944444446 113.97743055555556 117.30034722222223 136 92 92
0 155.05555555555554 114.97222222222223 119.27604166666667 136 98 101
0 166.54340277777777 121.03993055555556 123.31076388888889 146 100 104
0 193.66666666666666 168.36631944444446 157.88715277777777 147 114 131
0 160.77430555555554 124.11631944444444 124.453125 148 109 109
1 191.859375 152.47395833333334 153.28645833333334 113 43 114
1 184.54513888888889 149.55208333333334 150.48784722222223 90 53 118
1 177.12326388888889 142.42013888888889 142.25 102 44 94
1 190.41493055555554 151.90451388888889 158.54166666666666 91 61 113
1 172.62673611111111 135.61284722222223 143.20659722222223 75 43 110
1 159.68055555555554 123.39930555555556 130.77951388888889 93 50 91
1 190.22569444444446 153.00347222222223 155.40798611111111 116 45 115
1 188.98090277777777 153.51388888888889 151.88541666666666 83 51 119
1 140.53993055555554 108.13020833333333 121.94270833333333 93 48 81
1 183.015625 142.64236111111111 148.81944444444446 121 56 100
1 183.96354166666666 149.35069444444446 151.484375 110 62 127
1 180.38888888888889 150.19791666666666 150.64236111111111 110 60 117
1 182.01736111111111 142.16145833333334 142.94097222222223 68 38 117
1 174.78993055555554 141.36111111111111 137.6875 89 36 101
1 164.48090277777777 138.69444444444446 138.79340277777777 77 53 108
1 187.56423611111111 153.67013888888889 156.18055555555554 105 58 125
1 178.16319444444446 145.73090277777777 140.79340277777777 81 59 113
1 168.91145833333334 128.78993055555554 135.96875 79 28 91
1 173.04861111111111 126.109375 133.47743055555554 124 37 86
1 165.04340277777777 112.546875 130.72048611111111 61 31 78
1 186.60416666666666 150.78472222222223 148.58159722222223 94 55 103
1 170.36631944444446 137.66145833333334 135.22395833333334 74 39 100
1 160.87847222222223 134.61458333333334 128.25694444444446 59 38 97
1 178.38368055555554 126.97048611111111 145.30208333333334 69 43 113
1 162.32291666666666 131.94618055555554 140.87326388888889 73 42 108
1 184.13541666666666 146.17534722222223 142.94097222222223 101 37 95
1 177.12847222222223 141.16145833333334 145.04513888888889 77 62 109
1 181.09548611111111 145.17534722222223 146.55729166666666 95 40 79
1 175.40104166666666 139.10416666666666 139.24479166666666 112 55 103
1 171.47743055555554 130.86805555555554 140.19965277777777 87 48 117
